NUM SMILES S0S1 S0T1 S1T1 F12
001 c1cc2ccnc-2ccn1 2.4012 2.4884 -0.0872 0.0134169
002 c1cc2ccnc-2cnn1 2.5230 2.2702 0.2528 0.0060940
003 c1cc2ccnc-2ncn1 2.2653 2.3155 -0.0502 0.0177140
004 c1cc2ccnc-2nnn1 2.3116 2.1554 0.1562 0.0113865
005 c1cc2ccnccc-2c1 2.0446 2.1394 -0.0948 0.0106844
006 c1cc2ccncnc-2c1 1.8983 1.9660 -0.0677 0.0104106
007 c1cc2ccnncc-2c1 2.3156 2.2655 0.0501 0.0074590
008 c1cc2ccnnnc-2c1 1.9785 2.0335 -0.055 0.0063516
009 c1cc2cncc-2ccn1 1.7962 1.8580 -0.0618 0.0138774
010 c1cc2cncc-2cnn1 2.1276 2.0376 0.09 0.0121534
011 c1cc2cncc-2ncn1 1.6372 1.6632 -0.026 0.0125341
012 c1cc2cncc-2nnn1 1.9472 1.7591 0.1881 0.0132933
013 c1cc2cnccnc-2c1 2.2053 2.2625 -0.0572 0.0097430
014 c1cc2cncncc-2c1 2.5287 2.7275 -0.1988 0.0003558
015 c1cc2cncnnc-2c1 2.5196 2.2011 0.3185 0.0013405
016 c1cc2cnnc-2ccn1 2.2086 2.2632 -0.0546 0.0162429
017 c1cc2cnnc-2cnn1 2.4844 2.1004 0.384 0.0017382
018 c1cc2cnnc-2ncn1 2.0781 2.1147 -0.0366 0.0121559
019 c1cc2cnnc-2nnn1 2.0209 2.0183 0.0026 0.0076293
020 c1cc2cnncnc-2c1 2.2159 1.9400 0.2759 0.0089848
021 c1cc2cnncnc-2n1 2.3056 2.0082 0.2974 0.0077198
022 c1cc2cnnncc-2c1 2.1257 1.8348 0.2909 0.0007196
023 c1cc2cnnncc-2n1 2.5598 1.8268 0.733 0.0149205
024 c1cc2cnnnnc-2c1 3.0502 2.0534 0.9968 0.0071986
025 c1cc2cnnnnc-2n1 2.9827 2.1610 0.8217 0.0264776
026 c1cc2nccc-2cnn1 2.6739 2.4141 0.2598 0.0152604
027 c1cc2nccc-2ncn1 2.2736 2.4059 -0.1323 0.0088377
028 c1cc2nccc-2nnn1 2.2844 2.2180 0.0664 0.0050645
029 c1cc2nccnnc-2c1 2.0981 2.2107 -0.1126 0.0047617
030 c1cc2ncnc-2ccn1 2.8037 2.9433 -0.1396 0.0119228
031 c1cc2ncnc-2cnn1 2.7248 2.2918 0.433 0.0013059
032 c1cc2ncnc-2ncn1 2.6841 2.7745 -0.0904 0.0124482
033 c1cc2ncnc-2nnn1 2.4793 2.1965 0.2828 0.0063247
034 c1cc2ncncnc-2c1 1.7359 1.8098 -0.0739 0.0086565
035 c1cc2ncnncc-2n1 2.1868 1.8538 0.333 0.0076614
036 c1cc2ncnnnc-2c1 1.8005 1.8027 -0.0022 0.0080405
037 c1cc2nncc-2cnn1 2.2319 1.8983 0.3336 0.0142821
038 c1cc2nncc-2ncn1 2.0415 2.0698 -0.0283 0.0166822
039 c1cc2nncc-2nnn1 2.5405 2.0764 0.4641 0.0136178
040 c1cc2nncnnc-2c1 2.2047 2.1474 0.0573 0.0006039
041 c1cc2nnnc-2ccn1 2.5131 2.6719 -0.1588 0.0189857
042 c1cc2nnnc-2cnn1 2.3106 1.8704 0.4402 0.0069734
043 c1cc2nnnc-2ncn1 2.3016 2.1519 0.1497 0.0172761
044 c1cc2nnnc-2nnn1 2.4462 2.1129 0.3333 0.0145631
045 c1cc2nnncnc-2n1 2.0876 2.0102 0.0774 0.0124772
046 c1cc2nnnncc-2n1 2.8955 2.0571 0.8384 0.0034624
047 c1cc2nnnnnc-2c1 3.2030 2.7603 0.4427 0.0000025
048 c1cc2nnnnnc-2n1 3.1417 2.7861 0.3556 0.0000098
049 c1ccc2cccc-2cc1 2.1963 2.3723 -0.176 0.0064273
050 c1ccc2cccc-2nc1 2.0528 2.1786 -0.1258 0.0071149
051 c1ccc2ccnc-2cc1 2.5598 2.5959 -0.0361 0.0085102
052 c1ccc2ccnc-2nc1 2.4074 2.4422 -0.0348 0.0146145
053 c1ccc2cncc-2cc1 1.9562 2.1118 -0.1556 0.0100826
054 c1ccc2cncc-2nc1 1.7841 1.8917 -0.1076 0.0094184
055 c1ccc2cnnc-2cc1 2.3691 2.5015 -0.1324 0.0109122
056 c1ccc2cnnc-2nc1 2.2104 2.3201 -0.1097 0.0083651
057 c1ccc2nccc-2nc1 2.4117 2.5126 -0.1009 0.0043456
058 c1ccc2ncnc-2cc1 2.9579 2.8182 0.1397 0.0047492
059 c1ccc2ncnc-2nc1 2.8165 2.7368 0.0797 0.0072557
060 c1ccc2nncc-2nc1 2.1825 2.2708 -0.0883 0.0117727
061 c1ccc2nnnc-2cc1 2.7129 2.8743 -0.1614 0.0116657
062 c1ccc2nnnc-2nc1 2.4964 2.5150 -0.0186 0.0113027
063 c1cnc2cccc-2nc1 1.8934 2.0209 -0.1275 0.0052968
064 c1cnc2ccnc-2cn1 2.4996 2.5424 -0.0428 0.0040922
065 c1cnc2ccnc-2nc1 2.2602 2.3964 -0.1362 0.0064735
066 c1cnc2ccnc-2nn1 2.5353 2.3824 0.1529 0.0022566
067 c1cnc2cncc-2cn1 1.9301 2.0062 -0.0761 0.0114526
068 c1cnc2cncc-2nc1 0   
069 c1cnc2cncc-2nn1 1.9851 1.9873 -0.0022 0.0054465
070 c1cnc2cnnc-2cn1 2.3280 2.3740 -0.046 0.0134771
071 c1cnc2cnnc-2nc1 0   
072 c1cnc2cnnc-2nn1 2.1114 1.9140 0.1974 0.0058940
073 c1cnc2nccc-2cn1 2.5410 2.4491 0.0919 0.0248944
074 c1cnc2nccc-2nn1 2.3578 2.3552 0.0026 0.0092733
075 c1cnc2ncnc-2cn1 2.8819 2.6536 0.2283 0.0169169
076 c1cnc2ncnc-2nc1 2.6770 2.6804 -0.0034 0.0026941
077 c1cnc2ncnc-2nn1 2.6090 2.2489 0.3601 0.0033955
078 c1cnc2nncc-2cn1 2.2627 2.4197 -0.157 0.0116726
079 c1cnc2nncc-2nn1 2.5935 2.1836 0.4099 0.0010140
080 c1cnc2nnnc-2cn1 2.5839 2.4349 0.149 0.0146430
081 c1cnc2nnnc-2nc1 2.2256 1.9211 0.3045 0.0000127
082 c1cnc2nnnc-2nn1 2.5013 1.9285 0.5728 0.0034343
083 c1cncc2cccc-2c1 2.3491 2.5672 -0.2181 0.0047361
084 c1cncc2ccnc-2c1 2.6891 2.6565 0.0326 0.0131486
085 c1cncc2cncc-2c1 2.1153 2.3347 -0.2194 0.0076206
086 c1cncc2cnnc-2c1 2.4997 2.7325 -0.2328 0.0073143
087 c1cncc2nccc-2c1 2.6806 2.7125 -0.0319 0.0020355
088 c1cncc2ncnc-2c1 3.0599 2.8477 0.2122 0.0044542
089 c1cncc2nncc-2c1 2.5007 2.6920 -0.1913 0.0075740
090 c1cncc2nnnc-2c1 2.8386 2.9300 -0.0914 0.0070321
091 c1cnnc2cccc-2c1 2.2735 2.2905 -0.017 0.0033087
092 c1cnnc2ccnc-2c1 2.5356 2.3685 0.1671 0.0025697
093 c1cnnc2cncc-2c1 2.0446 2.1434 -0.0988 0.0074918
094 c1cnnc2cnnc-2c1 2.5872 2.1934 0.3938 0.0048305
095 c1cnnc2nccc-2c1 2.6553 2.3910 0.2643 0.0073911
096 c1cnnc2ncnc-2c1 2.6751 2.2747 0.4004 0.0012586
097 c1cnnc2nncc-2c1 2.2382 2.0188 0.2194 0.0090755
098 c1cnnc2nnnc-2c1 2.4441 1.9675 0.4766 0.0058114
099 c1nc2cnnncc-2n1 2.8346 1.8122 1.0224 0.0537213
100 c1nc2cnnnnc-2n1 2.7984 1.9801 0.8183 0.0228544
101 c1nc2nnnnnc-2n1 3.1893 2.8947 0.2946 0.0000109
102 c1ncc2ccnc-2cn1 2.8403 2.8262 0.0141 0.0038324
103 c1ncc2ccnc-2nn1 2.5044 2.0362 0.4682 0.0078994
104 c1ncc2cncc-2cn1 2.3093 2.6487 -0.3394 0.0023496
105 c1ncc2cncc-2nn1 2.4612 2.0424 0.4188 0.0057856
106 c1ncc2cnnc-2cn1 2.7146 3.0076 -0.293 0.0006441
107 c1ncc2cnnc-2nn1 2.2570 1.7738 0.4832 0.0091928
108 c1ncc2cnnncc1-2 1.8862 1.6943 0.1919 0.0017843
109 c1ncc2nccc-2nn1 2.4791 2.0533 0.4258 0.0038058
110 c1ncc2ncnc-2cn1 3.1928 2.9570 0.2358 0.0007528
111 c1ncc2ncnc-2nn1 2.4558 1.9280 0.5278 0.0082790
112 c1ncc2nncc-2nn1 2.5746 2.0777 0.4969 0.0071349
113 c1ncc2nnnc-2cn1 3.0654 3.0371 0.0283 0.0002052
114 c1ncc2nnnc-2nn1 2.4115 1.8469 0.5646 0.0098374
115 c1ncc2nnnncc1-2 3.0280 2.0282 0.9998 0.0020027
116 c1ncc2nnnnnc1-2 3.3457 2.7935 0.5522 0.0000229
117 c1ncnc2cncc-2n1 0   
118 c1ncnc2nccc-2n1 2.1302 2.2319 -0.1017 0.0103567
119 c1ncnc2ncnc-2n1 2.4790 2.3334 0.1456 0.0006931
120 c1ncnc2nncc-2n1 1.9466 1.7181 0.2285 0.0006666
121 c1ncnc2nnnc-2n1 0   
122 c1nnc2ccnc-2nn1 2.5368 1.9976 0.5392 0.0123794
123 c1nnc2cncc-2nn1 2.1626 1.8568 0.3058 0.0013877
124 c1nnc2cnnc-2nn1 2.0719 1.7324 0.3395 0.0113275
125 c1nnc2ncnc-2nn1 2.4209 1.8860 0.5349 0.0088555
126 c1nnc2nnnc-2nn1 2.3448 1.8208 0.524 0.0163977
127 c1nnc2nnnnnc1-2 3.5053 3.1918 0.3135 0.0000115
128 c1nncc2cncc-2n1 1.9441 1.6455 0.2986 0.0100334
129 c1nncc2cnnc-2n1 1.9572 1.5101 0.4471 0.0058820
130 c1nncc2ncnc-2n1 2.2656 1.8676 0.398 0.0068971
131 c1nncc2nncc-2n1 2.1614 1.8804 0.281 0.0038286
132 c1nncc2nnnc-2n1 1.9177 1.4814 0.4363 0.0041817
133 c1nnnc2cncc-2n1 2.3975 1.7791 0.6184 0.0073777
134 c1nnnc2cnnc-2n1 2.4656 2.0326 0.433 0.0038029
135 c1nnnc2nccc-2n1 2.3387 2.0682 0.2705 0.0076444
136 c1nnnc2ncnc-2n1 2.4284 2.0787 0.3497 0.0067423
137 c1nnnc2nncc-2n1 2.0487 1.7615 0.2872 0.0012971
138 c1nnnc2nnnc-2n1 2.3171 1.9639 0.3532 0.0018132
139 c1nnncc2nncc1-2 2.4758 1.7487 0.7271 0.0160087
140 c1nnncc2nnnc1-2 2.5820 1.6790 0.903 0.0394411
141 c1nnnnc2cnnc1-2 2.8955 2.3890 0.5065 0.0019541
142 c1nnnnc2nncc1-2 2.5074 1.9673 0.5401 0.0019954
143 c1nnnnc2nnnc1-2 2.8056 2.0718 0.7338 0.0048849
144 n1nnc2nnnc-2nn1 3.5416 3.1867 0.3549 0.0000343
