NUM SMILES S0S1 S0T1 S1T1 F12
001 c1cc2ccnc-2ccn1 2.841 2.281 0.56 0.032049750
002 c1cc2ccnc-2cnn1 2.653 2.238 0.415 0.003488197
003 c1cc2ccnc-2ncn1 2.706 2.051 0.655 0.042341168
004 c1cc2ccnc-2nnn1 2.547 1.771 0.776 0.025662061
005 c1cc2ccnccc-2c1 2.408 1.859 0.549 0.025594909
006 c1cc2ccncnc-2c1 2.263 1.623 0.64 0.024762289
007 c1cc2ccnncc-2c1 2.605 1.979 0.626 0.020419521
008 c1cc2ccnnnc-2c1 2.262 1.708 0.554 0.015179076
009 c1cc2cncc-2ccn1 2.158 1.520 0.638 0.035093326
010 c1cc2cncc-2cnn1 2.391 1.717 0.674 0.029493270
011 c1cc2cncc-2ncn1 1.982 1.237 0.745 0.032344097
012 c1cc2cncc-2nnn1 2.073 1.336 0.737 0.028841003
013 c1cc2cnccnc-2c1 2.534 1.922 0.612 0.024587325
014 c1cc2cncncc-2c1 2.927 2.467 0.46 0.000789142
015 c1cc2cncnnc-2c1 2.692 2.000 0.692 0.007223393
016 c1cc2cnnc-2ccn1 2.623 2.020 0.603 0.041843350
017 c1cc2cnnc-2cnn1 2.479 2.078 0.401 0.002690353
018 c1cc2cnnc-2ncn1 2.467 1.818 0.649 0.034051776
019 c1cc2cnnc-2nnn1 2.254 1.648 0.606 0.019760541
020 c1cc2cnncnc-2c1 2.416 1.554 0.862 0.004158151
021 c1cc2cnncnc-2n1 2.408 1.863 0.545 0.016599129
022 c1cc2cnnncc-2c1 2.533 1.494 1.039 0.001745054
023 c1cc2cnnncc-2n1 2.806 1.451 1.355 0.056754374
024 c1cc2cnnnnc-2c1 2.884 1.620 1.264 0.021742145
025 c1cc2cnnnnc-2n1 3.039 1.725 1.314 0.018924243
026 c1cc2nccc-2cnn1 2.764 2.305 0.459 0.003312908
027 c1cc2nccc-2ncn1 2.709 2.203 0.506 0.020109711
028 c1cc2nccc-2nnn1 2.582 1.823 0.759 0.009960775
029 c1cc2nccnnc-2c1 2.384 1.845 0.539 0.008659476
030 c1cc2ncnc-2ccn1 3.332 2.616 0.716 0.027711450
031 c1cc2ncnc-2cnn1 2.679 2.239 0.44 0.003708812
032 c1cc2ncnc-2ncn1 3.115 2.588 0.527 0.001732697
033 c1cc2ncnc-2nnn1 2.778 1.794 0.984 0.014690994
034 c1cc2ncncnc-2c1 2.128 1.445 0.683 0.019522278
035 c1cc2ncnncc-2n1 2.295 1.744 0.551 0.010580628
036 c1cc2ncnnnc-2c1 2.096 1.383 0.713 0.016901786
037 c1cc2nncc-2cnn1 2.344 1.857 0.487 0.006347018
038 c1cc2nncc-2ncn1 2.454 1.771 0.683 0.039229358
039 c1cc2nncc-2nnn1 2.543 1.682 0.861 0.028916880
040 c1cc2nncnnc-2c1 2.468 1.775 0.693 0.000000116
041 c1cc2nnnc-2ccn1 3.048 2.472 0.576 0.048467866
042 c1cc2nnnc-2cnn1 2.338 1.784 0.554 0.009610875
043 c1cc2nnnc-2ncn1 2.483 2.211 0.272 0.000000489
044 c1cc2nnnc-2nnn1 2.536 1.742 0.794 0.023322036
045 c1cc2nnncnc-2n1 2.452 1.656 0.796 0.025794147
046 c1cc2nnnncc-2n1 2.845 1.596 1.249 0.020185988
047 c1cc2nnnnnc-2c1 3.115 2.306 0.809 0.000001944
048 c1cc2nnnnnc-2n1 3.064 2.247 0.817 0.000024512
049 c1ccc2cccc-2cc1 2.558 2.192 0.366 0.015669298
050 c1ccc2cccc-2nc1 2.390 1.892 0.498 0.017447407
051 c1ccc2ccnc-2cc1 2.984 2.365 0.619 0.019677069
052 c1ccc2ccnc-2nc1 2.825 2.175 0.65 0.035215706
053 c1ccc2cncc-2cc1 2.329 1.894 0.435 0.024675568
054 c1ccc2cncc-2nc1 2.124 1.557 0.567 0.023911931
055 c1ccc2cnnc-2cc1 2.791 2.356 0.435 0.028050551
056 c1ccc2cnnc-2nc1 2.598 2.103 0.495 0.024251596
057 c1ccc2nccc-2nc1 2.829 2.252 0.577 0.010514276
058 c1ccc2ncnc-2cc1 3.462 2.529 0.933 0.009189016
059 c1ccc2ncnc-2nc1 3.322 2.413 0.909 0.017404021
060 c1ccc2nncc-2nc1 2.588 2.046 0.542 0.028121196
061 c1ccc2nnnc-2cc1 3.228 2.562 0.666 0.028911645
062 c1ccc2nnnc-2nc1 2.851 2.293 0.558 0.000271217
063 c1cnc2cccc-2nc1 2.238 1.683 0.555 0.012574756
064 c1cnc2ccnc-2cn1 2.923 2.243 0.68 0.008978357
065 c1cnc2ccnc-2nc1 2.691 2.151 0.54 0.015770960
066 c1cnc2ccnc-2nn1 2.778 2.155 0.623 0.001102405
067 c1cnc2cncc-2cn1 2.275 1.650 0.625 0.027915519
068 c1cnc2cncc-2nc1 1.931 1.279 0.652 0.019688558
069 c1cnc2cncc-2nn1 2.155 1.592 0.563 0.012595991
070 c1cnc2cnnc-2cn1 2.731 2.103 0.628 0.032463819
071 c1cnc2cnnc-2nc1 2.286 1.866 0.42 0.000000012
072 c1cnc2cnnc-2nn1 2.387 1.691 0.696 0.000534448
073 c1cnc2nccc-2cn1 2.949 2.117 0.832 0.060970920
074 c1cnc2nccc-2nn1 2.781 2.027 0.754 0.019737143
075 c1cnc2ncnc-2cn1 3.382 2.313 1.069 0.002908678
076 c1cnc2ncnc-2nc1 2.993 2.492 0.501 0.000398778
077 c1cnc2ncnc-2nn1 2.736 2.107 0.629 0.005527738
078 c1cnc2nncc-2cn1 2.683 2.159 0.524 0.029570526
079 c1cnc2nncc-2nn1 2.645 1.992 0.653 0.008628703
080 c1cnc2nnnc-2cn1 2.809 2.251 0.558 0.000069771
081 c1cnc2nnnc-2nc1 2.240 2.079 0.161 0.000135299
082 c1cnc2nnnc-2nn1 2.531 1.656 0.875 0.006745894
083 c1cncc2cccc-2c1 2.728 2.353 0.375 0.011333703
084 c1cncc2ccnc-2c1 3.135 2.422 0.713 0.029145114
085 c1cncc2cncc-2c1 2.504 2.151 0.353 0.017782950
086 c1cncc2cnnc-2c1 2.943 2.584 0.359 0.019306183
087 c1cncc2nccc-2c1 3.126 2.468 0.658 0.004579310
088 c1cncc2ncnc-2c1 3.593 2.570 1.023 0.011261771
089 c1cncc2nncc-2c1 2.946 2.519 0.427 0.019286863
090 c1cncc2nnnc-2c1 3.370 2.647 0.723 0.018698749
091 c1cnnc2cccc-2c1 2.575 1.969 0.606 0.008652178
092 c1cnnc2ccnc-2c1 2.769 2.152 0.617 0.003031682
093 c1cnnc2cncc-2c1 2.335 1.820 0.515 0.016598769
094 c1cnnc2cnnc-2c1 2.625 2.110 0.515 0.009272699
095 c1cnnc2nccc-2c1 2.741 2.288 0.453 0.001605675
096 c1cnnc2ncnc-2c1 2.698 2.157 0.541 0.003449221
097 c1cnnc2nncc-2c1 2.462 1.867 0.595 0.010688710
098 c1cnnc2nnnc-2c1 2.509 1.805 0.704 0.008247116
099 c1nc2cnnncc-2n1 2.868 1.423 1.445 0.069525015
100 c1nc2cnnnnc-2n1 2.883 1.525 1.358 0.025111066
101 c1nc2nnnnnc-2n1 3.086 2.267 0.819 0.000036246
102 c1ncc2ccnc-2cn1 3.311 2.597 0.714 0.007743940
103 c1ncc2ccnc-2nn1 2.578 1.847 0.731 0.008336199
104 c1ncc2cncc-2cn1 2.713 2.470 0.243 0.005015237
105 c1ncc2cncc-2nn1 2.623 1.794 0.829 0.011333947
106 c1ncc2cnnc-2cn1 3.177 2.796 0.381 0.001975733
107 c1ncc2cnnc-2nn1 2.404 1.588 0.816 0.008477089
108 c1ncc2cnnncc1-2 2.318 1.365 0.953 0.004168777
109 c1ncc2nccc-2nn1 2.544 1.918 0.626 0.006270643
110 c1ncc2ncnc-2cn1 3.517 2.701 0.816 0.000039088
111 c1ncc2ncnc-2nn1 2.542 1.701 0.841 0.009718592
112 c1ncc2nncc-2nn1 2.658 1.896 0.762 0.007522547
113 c1ncc2nnnc-2cn1 3.568 2.874 0.694 0.004326004
114 c1ncc2nnnc-2nn1 2.535 1.606 0.929 0.009543496
115 c1ncc2nnnncc1-2 2.920 1.626 1.294 0.022503182
116 c1ncc2nnnnnc1-2 3.338 2.362 0.976 0.000005945
117 c1ncnc2cncc-2n1 1.810 0.994 0.816 0.027578451
118 c1ncnc2nccc-2n1 2.566 2.011 0.555 0.000978162
119 c1ncnc2ncnc-2n1 2.671 2.720 -0.049 0.000923650
120 c1ncnc2nncc-2n1 2.042 1.636 0.406 0.000912998
121 c1ncnc2nnnc-2n1 1.962 1.811 0.151 0.000044632
122 c1nnc2ccnc-2nn1 2.573 1.716 0.857 0.007824502
123 c1nnc2cncc-2nn1 2.327 1.517 0.81 0.002393895
124 c1nnc2cnnc-2nn1 2.498 1.456 1.042 0.016232914
125 c1nnc2ncnc-2nn1 2.465 1.579 0.886 0.007494198
126 c1nnc2nnnc-2nn1 2.551 1.447 1.104 0.004802294
127 c1nnc2nnnnnc1-2 3.438 2.696 0.742 0.000015412
128 c1nncc2cncc-2n1 2.125 1.232 0.893 0.038651387
129 c1nncc2cnnc-2n1 1.979 1.306 0.673 0.010607286
130 c1nncc2ncnc-2n1 2.322 1.790 0.532 0.008406903
131 c1nncc2nncc-2n1 2.181 1.731 0.45 0.009095059
132 c1nncc2nnnc-2n1 1.972 1.282 0.69 0.010327140
133 c1nnnc2cncc-2n1 2.214 1.286 0.928 0.019266503
134 c1nnnc2cnnc-2n1 2.505 1.633 0.872 0.012716138
135 c1nnnc2nccc-2n1 2.544 1.700 0.844 0.015860815
136 c1nnnc2ncnc-2n1 2.749 1.731 1.018 0.019894699
137 c1nnnc2nncc-2n1 2.128 1.364 0.764 0.013562598
138 c1nnnc2nnnc-2n1 2.277 1.632 0.645 0.005221896
139 c1nnncc2nncc1-2 2.693 1.386 1.307 0.042944806
140 c1nnncc2nnnc1-2 2.702 1.317 1.385 0.054982521
141 c1nnnnc2cnnc1-2 2.803 1.949 0.854 0.002653449
142 c1nnnnc2nncc1-2 2.349 1.490 0.859 0.001659658
143 c1nnnnc2nnnc1-2 2.667 1.548 1.119 0.000485431
144 n1nnc2nnnc-2nn1 3.450 2.554 0.896 0.000053125
